## Step 1, 讀取 csv 檔.
set infile [_f_ReadFile "D:/Dropbox/12-Office-Sync-MTS/32_POWERFUL_60G/60g/BrdCSV/qca_deg_240816.csv"]

## CSV 內容
## ------------------------------------------------------------------------------------------------------------------
Channel,Sector#,0,1,2,3,4,5,6,7,8,9,10,11,12,13,14,15,16,17,18,19,20,21,22,23,24,25,26,27,28,29,30,31
1,30,180,180,180,0,270,180,270,180,0,0,270,0,270,90,180,270,90,90,180,270,90,180,90,90,270,90,180,270,270,90,270,270
2,30,180,90,180,0,180,90,270,180,0,0,270,0,180,90,90,270,90,90,180,270,90,180,90,90,270,270,180,270,270,90,270,180
3,30,90,0,90,270,0,90,270,90,0,270,180,270,90,0,0,180,90,0,90,180,90,90,0,0,270,0,90,180,270,0,180,180
4,30,270,180,270,90,180,180,0,270,90,90,270,0,270,180,180,0,270,90,180,270,180,270,180,180,0,90,180,0,0,180,270,0
## ------------------------------------------------------------------------------------------------------------------

## Step 2, 刪除不需要的第一行.
## Channel,Sector#,0,1,2,3,4,5,6,7,8,9,10,11,12,13,14,15,16,17,18,19,20,21,22,23,24,25,26,27,28,29,30,31

regsub -all -line "Channel,Sector.*" $infile "" infile
set infile [string trim $infile]

## 移除後的內容
## ------------------------------------------------------------------------------------------------------------------
1,30,180,180,180,0,270,180,270,180,0,0,270,0,270,90,180,270,90,90,180,270,90,180,90,90,270,90,180,270,270,90,270,270
2,30,180,90,180,0,180,90,270,180,0,0,270,0,180,90,90,270,90,90,180,270,90,180,90,90,270,270,180,270,270,90,270,180
3,30,90,0,90,270,0,90,270,90,0,270,180,270,90,0,0,180,90,0,90,180,90,90,0,0,270,0,90,180,270,0,180,180
4,30,270,180,270,90,180,180,0,270,90,90,270,0,270,180,180,0,270,90,180,270,180,270,180,180,0,90,180,0,0,180,270,0
## ------------------------------------------------------------------------------------------------------------------

## Step 3, 依 Channel 產生 Degree 的 Array.
array unset arrayCH

foreach line $infile {
	set tmp [split $line ,]
	set channel [lindex $tmp 0]
	set degree [string map {" " ,} [lrange $tmp 2 end-0]]

	array set arrayCH "$channel $degree"
}
